Buffer = [[2 0 0] [2 0 0] [2 0 39] [2 0 0] [2 0 39] [2 0 0] [2 0 30] [2 0 0] [2 0 39] [2 0 0] [2 0 31] [2 0 0] [2 0 33] [2 0 0] [2 0 33] [2 0 0] [2 0 38] [2 0 0] [2 0 34] [2 0 0] [2 0 30] [2 0 0] [2 0 0] [2 0 0] [2 0 40] [2 0 0]]

Actual Value = 0010244951
0 [2 0 39] 
0 [2 0 39]
1 [2 0 30]
0 [2 0 39]
2 [2 0 31]
4 [2 0 33]
4 [2 0 33]
9 [2 0 38]
5 [2 0 34]
1 [2 0 30]
so based on that 
[2 0 0] = "seperator"
[2 0 30] = 1
[2 0 31] = 2
[2 0 33] = 4
[2 0 33] = 4
[2 0 34] = 5
[2 0 35] = 6
[2 0 36] = 7
[2 0 37] = 8
[2 0 38] = 9
[2 0 39] = 0
[2 0 40] = "EOL"

